10034
10039
10109
10122
10136
10137
10152
10183
10213
10246
10267
104
10414
10447
10462
10482
10497
10526
10547
10558
10596
106
10601
10628
10639
10645
10674
10710
10734
1074
10792
10808
10809
10812
10827
10845
1085
109
1090
10912
10932
10975
10979
10994
11039
11054
11088
1150
1157
1159
1198
1230
1281
1284
1297
1306
1309
1310
1321
1322
1391
1393
1415
1416
1441
1451
1469
15
1530
1670
1676
1736
1748
1783
18
1812
1815
1819
1824
1826
1832
1871
1877
1889
1915
1920
1933
1948
1994
2010
2051
2070
2075
2076
2088
2108
2118
2154
2181
2183
2204
2264
2296
2306
2316
2318
2330
2334
2348
2376
2383
2384
2385
2388
2395
2398
2399
2400
2407
2416
2423
2443
2445
2460
2465
2472
2486
2498
2513
2516
2549
2551
2568
2579
2580
2587
2589
2590
2593
2598
26
2648
2676
2685
2695
2713
2724
2737
2747
2749
2790
2801
2856
2857
2880
2885
2891
2895
2903
2923
2964
2968
2994
3006
3008
3014
3033
3039
3049
3051
3067
3085
3091
3103
3115
3125
3148
3149
3177
3179
3186
3189
3254
3264
3357
3369
3394
34
3404
3405
3446
3451
3453
3480
3490
3500
3503
3512
3528
3530
3534
3566
3569
3594
3612
3615
3625
3682
3683
3694
3724
3735
3759
3767
3771
3781
3789
3791
3801
3822
3829
3830
3837
3859
3875
3888
3909
3932
3934
3995
4007
4011
4019
4031
4037
4047
4071
4084
4102
4103
4105
4116
4125
4142
4153
4179
4188
42
4205
4233
4265
4286
4289
4306
4312
4335
4339
4394
4409
4411
4414
4415
4433
4447
4464
4465
4484
4499
4500
4504
4514
4523
4539
4571
4600
4605
4615
4640
4641
4678
4681
4700
4714
475
4756
4767
4775
4777
4785
4804
4813
4823
4827
4837
4844
4845
4846
4863
4865
4920
4942
4946
4955
4962
4968
4981
4999
5021
503
5030
504
5045
5054
5061
5064
5067
5080
5083
5085
5086
5090
5125
5134
515
5150
5155
5172
5178
5185
5196
5206
5228
5231
5241
5254
5255
5264
5271
529
5331
5343
5347
5356
5369
5374
5380
5402
5410
5422
5427
5460
5464
547
549
5503
5505
5511
5534
5549
5585
559
5592
56
5616
5620
5646
5653
5683
570
5710
5741
5763
5782
5790
5808
585
5853
5862
588
5888
5903
5906
594
5940
5951
5970
5981
5993
6002
6004
6005
6009
603
604
6041
6080
6110
6121
6122
6131
6133
6142
6146
6199
620
6219
622
6221
6252
6262
6278
6395
6410
6420
6441
6467
6468
6479
6525
6554
6562
659
6611
6612
6625
6629
6635
6644
6647
6668
6679
6683
6713
6715
672
6746
6787
6792
68
6800
6803
6807
6814
6832
6835
684
6849
6862
6867
687
6875
689
6890
6891
6896
6901
6907
6909
691
6959
6985
699
701
7017
7068
7071
7080
7096
7098
7105
7109
7124
7141
7145
715
7178
7188
7205
7206
721
7218
7221
7269
7279
7295
7311
7326
7329
7344
7345
7377
7431
744
7441
7445
7448
7456
7463
7467
7484
750
7509
7512
7513
7529
753
7533
7534
7590
7592
7594
7622
7633
766
7674
7700
7702
7705
7734
7747
7754
7758
776
7801
7803
7823
7876
7879
7880
7911
7925
7928
7936
7992
8
8002
8005
8013
8017
8034
8040
8072
8079
810
8102
8116
8121
813
8202
8230
8247
8271
8275
8296
8332
8351
8378
8456
8475
849
8507
8512
8513
852
853
8532
8537
8539
8544
858
859
8592
8632
8635
864
8702
8779
8789
879
8795
8832
8834
885
8855
8874
89
8934
8937
8947
895
8959
8970
8974
8982
90
904
9060
9088
9108
9115
9126
9164
9174
9188
9245
9275
928
929
9291
9296
932
9329
9332
9381
9385
939
9391
94
9403
945
9481
9487
9548
9556
9565
957
9598
9617
9633
9643
9644
9646
9668
9701
9733
9735
9737
9771
98
9808
9824
9871
988
9882
9925
9929
9961
9979
