1
100
1012
1014
1019
1020
1021
1024
1029
1041
1049
1062
1086
1088
1089
1099
1100
1104
1107
1110
1121
113
1130
1132
1137
1140
1144
1146
115
1150
1163
1175
1179
118
1180
1185
1187
1191
1194
1196
1197
1199
1200
1202
1204
1207
1213
1216
1221
1225
1226
1232
124
1241
1245
1259
1262
1266
127
1270
1271
1272
1273
1274
1278
1279
128
1280
1281
1282
129
1290
1292
1298
13
130
1303
1316
1319
132
1320
133
1332
1335
1336
1337
1339
1344
1352
1359
1362
1363
1368
137
1370
1379
1382
1385
1389
1395
141
142
143
146
148
163
171
179
180
183
185
198
208
212
213
216
217
218
219
230
232
233
236
237
238
239
248
249
261
268
269
274
275
279
294
295
298
3
300
303
312
314
324
327
338
343
350
354
36
362
380
384
385
386
388
399
410
411
415
42
421
431
436
437
439
440
443
452
475
478
48
49
491
5
50
501
502
507
508
51
513
514
516
517
521
525
527
528
53
532
533
535
536
539
54
540
544
549
551
552
554
56
560
569
57
575
577
578
587
589
593
597
598
613
619
623
628
636
637
641
644
649
659
660
674
684
690
691
692
693
70
700
702
715
716
718
72
721
723
727
728
729
742
743
744
75
756
759
768
770
775
781
783
784
785
793
800
805
808
811
814
820
821
823
830
831
832
834
837
839
845
847
852
859
870
873
879
880
882
887
903
904
907
911
913
914
921
922
936
94
956
957
960
967
971
975
982
985
99
993
